Deviation distribution function values
x | F(x)
-3.304849602541959 0.001
-2.7198353261388175 0.002
-2.6756049664674344 0.003
-2.6653523380834034 0.004
-2.5894278043437313 0.005
-2.5642446763196753 0.006
-2.5326969010396247 0.007
-2.4800226173196673 0.008
-2.420959215933642 0.009
-2.408992613993978 0.01
-2.381829366344724 0.011
-2.3610208992579156 0.012
-2.268343142101215 0.013
-2.2259330779472957 0.014
-2.2243349019524317 0.015
-2.1729630398921813 0.016
-2.1693646801822877 0.017
-2.1579076623156013 0.018
-2.145021774786124 0.019
-2.143449403278706 0.02
-2.1321512546831705 0.021
-2.121180601344517 0.022
-2.0505161298067494 0.023
-2.0449315814663267 0.024
-2.03791411887956 0.025
-1.963774966045332 0.026
-1.9587125565927237 0.027
-1.9542956564579534 0.028
-1.9427633555786379 0.029
-1.9181056902992133 0.03
-1.9133195563222902 0.031
-1.8898748871968079 0.032
-1.8813516736778886 0.033
-1.8730856588856024 0.034
-1.8703601123904934 0.035
-1.863382897360143 0.036
-1.7969074548143356 0.037
-1.7666695462962902 0.038
-1.748849789778248 0.039
-1.7303224412670155 0.04
-1.6959040576730993 0.041
-1.6892487613784035 0.042
-1.6690295412685416 0.043
-1.6689761664889815 0.044
-1.6417050136086133 0.045
-1.631784292866885 0.046
-1.6181281562579366 0.047
-1.6177053204939638 0.048
-1.6119941504112396 0.049
-1.5964831618312054 0.05
-1.5921973540461916 0.051
-1.5578701870070948 0.052
-1.5485412172542499 0.053
-1.5462657358907146 0.054
-1.526347475226318 0.055
-1.5253794289154952 0.056
-1.5247840404975264 0.057
-1.5114060879798803 0.058
-1.4883528634047403 0.059
-1.4688732305927559 0.06
-1.4658489532414414 0.061
-1.448880625153091 0.062
-1.439458547748016 0.063
-1.436537788025678 0.064
-1.426973935036926 0.065
-1.4184685009713764 0.066
-1.4174153021382447 0.067
-1.4094500645518813 0.068
-1.4042688632611466 0.069
-1.4034420375820174 0.07
-1.401566038856016 0.071
-1.381538546714384 0.072
-1.3787835358682865 0.073
-1.377858706326537 0.074
-1.3586143598748666 0.075
-1.3506951690145648 0.076
-1.335697277405531 0.077
-1.3336087511978663 0.078
-1.3320308031582349 0.079
-1.32161481243608 0.08
-1.3205354330947028 0.081
-1.3195263030519295 0.082
-1.3119446728765605 0.083
-1.3086620485881946 0.084
-1.3014993692017645 0.085
-1.2897410065768704 0.086
-1.286530081380495 0.087
-1.2774028600877414 0.088
-1.2767070551701365 0.089
-1.2637172635235752 0.09
-1.2624148805379378 0.091
-1.2547427146860193 0.092
-1.2525506683307936 0.093
-1.2452006511771962 0.094
-1.2340134325884586 0.095
-1.231596499297572 0.096
-1.2266845234670427 0.097
-1.211232406112198 0.098
-1.2046089113897684 0.099
-1.2027262997925272 0.1
-1.19183921011855 0.101
-1.1905951720413073 0.102
-1.1902082275579802 0.103
-1.1871226654937022 0.104
-1.183468379846503 0.105
-1.1819708865280427 0.106
-1.178039917452834 0.107
-1.1753802493885583 0.108
-1.1703375422096929 0.109
-1.1668769938695118 0.11
-1.1620015434719124 0.111
-1.1614208308278702 0.112
-1.1483321034014082 0.113
-1.144904337164273 0.114
-1.1438389074798438 0.115
-1.1412454617751528 0.116
-1.1375835098506168 0.117
-1.1361547077874836 0.118
-1.1340632286837877 0.119
-1.1329733483671438 0.12
-1.130652724240856 0.121
-1.1299176684470358 0.122
-1.1288134242733494 0.123
-1.1284706299539278 0.124
-1.1229615018970538 0.125
-1.1180921049165458 0.126
-1.1130675234938354 0.127
-1.103415622161005 0.128
-1.1011775790548217 0.129
-1.094772530776174 0.13
-1.0946416661883496 0.131
-1.0938059833854026 0.132
-1.0894841608403167 0.133
-1.0873487416246395 0.134
-1.087189125382852 0.135
-1.0869174781119408 0.136
-1.083660773921395 0.137
-1.0723338800436375 0.138
-1.0713903430206315 0.139
-1.0465030727286253 0.14
-1.0456678657824374 0.141
-1.0414626895054404 0.142
-1.0330312151221595 0.143
-1.0325180117549893 0.144
-1.0278656601572165 0.145
-1.0201288631037304 0.146
-1.010582718873953 0.147
-1.010399884187448 0.148
-1.0103145022038522 0.149
-1.0069084246941695 0.15
-0.9933194879027356 0.151
-0.9920205787444509 0.152
-0.9908879007219045 0.153
-0.9840348367345275 0.154
-0.975576417840907 0.155
-0.9748895647318006 0.156
-0.9712669547386972 0.157
-0.97107489324523 0.158
-0.9667848220521722 0.159
-0.9607607041946955 0.16
-0.9596212684291796 0.161
-0.9532903442728936 0.162
-0.9503846635331392 0.163
-0.9480473094808208 0.164
-0.9449402835172078 0.165
-0.9447637902418828 0.166
-0.9438528224730476 0.167
-0.9422204216989538 0.168
-0.9394606811776569 0.169
-0.9394195677151029 0.17
-0.937474945773481 0.171
-0.9283667411090444 0.172
-0.9257654889948017 0.173
-0.9249831467863077 0.174
-0.9236736245443975 0.175
-0.9215135378138745 0.176
-0.9207801950960042 0.177
-0.9162635495910063 0.178
-0.9031293349368026 0.179
-0.8985316187389056 0.18
-0.8971423984227155 0.181
-0.8898233892166372 0.182
-0.8882981556963565 0.183
-0.8793959168020722 0.184
-0.8777107899140417 0.185
-0.8766410193292486 0.186
-0.875909449347728 0.187
-0.8738169532894378 0.188
-0.8695299385424007 0.189
-0.8603807273841668 0.19
-0.8554924608388477 0.191
-0.8502234802520761 0.192
-0.8487283598306421 0.193
-0.8483002430390264 0.194
-0.8476560784050442 0.195
-0.8462803408504826 0.196
-0.8443417213298627 0.197
-0.8441540635548255 0.198
-0.8397982427598372 0.199
-0.8372416038312767 0.2
-0.8365064045940607 0.201
-0.8349372841951279 0.202
-0.8320303292574827 0.203
-0.8286223264906766 0.204
-0.8259010097501838 0.205
-0.8258741720748763 0.206
-0.8239387654700784 0.207
-0.8210479927399175 0.208
-0.8192559147681999 0.209
-0.816128052507457 0.21
-0.8158178355974344 0.211
-0.8134261439799289 0.212
-0.8120656217071638 0.213
-0.8019991975049185 0.214
-0.8007245395655753 0.215
-0.7942316207471097 0.216
-0.7879450026162694 0.217
-0.786612759375731 0.218
-0.7802750542764363 0.219
-0.7800142895265477 0.22
-0.7767252024492333 0.221
-0.7757381660384963 0.222
-0.7744826185731437 0.223
-0.7733285252300914 0.224
-0.7699612859670935 0.225
-0.7626817654055493 0.226
-0.7620541543431893 0.227
-0.7618227896859331 0.228
-0.7601322957513934 0.229
-0.7597456487030313 0.23
-0.7496948491968674 0.231
-0.7489643180261121 0.232
-0.7461477403040568 0.233
-0.7461344360656319 0.234
-0.7455784204605294 0.235
-0.7443224033423688 0.236
-0.7410266888547659 0.237
-0.7359838454867362 0.238
-0.7352096106354081 0.239
-0.734104203712783 0.24
-0.7332359857827171 0.241
-0.7329105092976202 0.242
-0.7291665966315173 0.243
-0.7217762121937183 0.244
-0.7205177034008309 0.245
-0.7169185239877571 0.246
-0.7159111678836969 0.247
-0.7108405056734208 0.248
-0.7105156299594249 0.249
-0.7090081313244474 0.25
-0.7001638990683601 0.251
-0.697994818634669 0.252
-0.6881263814511231 0.253
-0.6820219491776008 0.254
-0.677721775298477 0.255
-0.6770762525469167 0.256
-0.6636249120956552 0.257
-0.6599493103057665 0.258
-0.6592484013000433 0.259
-0.6552940211980967 0.26
-0.644549454316089 0.261
-0.6406010210096516 0.262
-0.636892027245773 0.263
-0.6356623822083893 0.264
-0.6353906908848004 0.265
-0.6332794699956814 0.266
-0.6274339297668589 0.267
-0.6205318502020516 0.268
-0.6204106447006805 0.269
-0.6197987209434013 0.27
-0.613966348285923 0.271
-0.613690415345252 0.272
-0.6136452007637628 0.273
-0.6035187085950776 0.274
-0.6012462454592198 0.275
-0.5985593027163065 0.276
-0.597576369021954 0.277
-0.5964445126563316 0.278
-0.591915894200981 0.279
-0.5893877876367535 0.28
-0.5874731826242834 0.281
-0.5870147297141601 0.282
-0.5835016030515101 0.283
-0.5733672533619509 0.284
-0.573331897913556 0.285
-0.5718261089560195 0.286
-0.5713243087585802 0.287
-0.5654265688538731 0.288
-0.5646558752199051 0.289
-0.5628161877509159 0.29
-0.5617458254060179 0.291
-0.5615404972945681 0.292
-0.5610267123871111 0.293
-0.5583339829295517 0.294
-0.5578095961019925 0.295
-0.5536837274293256 0.296
-0.5518176630758886 0.297
-0.5517306355490375 0.298
-0.542486470994002 0.299
-0.5407555541104534 0.3
-0.5316484499770354 0.301
-0.5305502700768989 0.302
-0.5289310227650073 0.303
-0.5222015685168977 0.304
-0.5201922349272701 0.305
-0.5155549253127865 0.306
-0.515401202346748 0.307
-0.5120687499260996 0.308
-0.5111053174895167 0.309
-0.5103317106777453 0.31
-0.5088386702309821 0.311
-0.5006848282251837 0.312
-0.49783296651597286 0.313
-0.4976121309119945 0.314
-0.49674893778633344 0.315
-0.48971409723749426 0.316
-0.48688638767188097 0.317
-0.48593583783065686 0.318
-0.48292343329317977 0.319
-0.4807368611882261 0.32
-0.47802451119927536 0.321
-0.4771444532635867 0.322
-0.4734009046333254 0.323
-0.4675257409012672 0.324
-0.46294472119818686 0.325
-0.46090920641060595 0.326
-0.45898895940325746 0.327
-0.4584450818987871 0.328
-0.4583643323326707 0.329
-0.4581130996223761 0.33
-0.4561437860231754 0.331
-0.4494108902637897 0.332
-0.4450139175862061 0.333
-0.44036458356683206 0.334
-0.4390185087282137 0.335
-0.43328886630710217 0.336
-0.43319981531214347 0.337
-0.4326488646598772 0.338
-0.4323784481672539 0.339
-0.43199002813275444 0.34
-0.43195145340169194 0.341
-0.42772832912277803 0.342
-0.4267019735232745 0.343
-0.42055824816372267 0.344
-0.4189592331753358 0.345
-0.4179432405538295 0.346
-0.41538834897413546 0.347
-0.4122230673123286 0.348
-0.40668787973787035 0.349
-0.40186330851379604 0.35
-0.40011604292865566 0.351
-0.39883300089429896 0.352
-0.3980087783935855 0.353
-0.39780709307025885 0.354
-0.39335221418709687 0.355
-0.3898671116304372 0.356
-0.3876414297095838 0.357
-0.3822031271157853 0.358
-0.3796490574820832 0.359
-0.37801882072662973 0.36
-0.37677735648574195 0.361
-0.3733889452517323 0.362
-0.3715569796744793 0.363
-0.3542733421107507 0.364
-0.3501788797660055 0.365
-0.34721471409992155 0.366
-0.3464181068881478 0.367
-0.3425638238595732 0.368
-0.33504310798761106 0.369
-0.33291053470686904 0.37
-0.3323039060421975 0.371
-0.3293393440810566 0.372
-0.32820817501544186 0.373
-0.3231702268912824 0.374
-0.32314115450070036 0.375
-0.3204371013876084 0.376
-0.3193448095390362 0.377
-0.31565972216291005 0.378
-0.31335306817614494 0.379
-0.31293634626030875 0.38
-0.31002340887832736 0.381
-0.3069730402993347 0.382
-0.30415116509677453 0.383
-0.29762482507221344 0.384
-0.28829039534206424 0.385
-0.2835542276359899 0.386
-0.27984063301468054 0.387
-0.27954728665459694 0.388
-0.2767775942082107 0.389
-0.2763378060573429 0.39
-0.2712363748209312 0.391
-0.2710538829878102 0.392
-0.26893764049493685 0.393
-0.2664194010796477 0.394
-0.26483192591148974 0.395
-0.2609485733405398 0.396
-0.25730386489751655 0.397
-0.25428248516375795 0.398
-0.25320334019993185 0.399
-0.24164252626696836 0.4
-0.23904431828609474 0.401
-0.23774035623762346 0.402
-0.23275992030944925 0.403
-0.23049583149917474 0.404
-0.21521227719850133 0.405
-0.21334017830615482 0.406
-0.21264572842223517 0.407
-0.21246013040515122 0.408
-0.20601908305691863 0.409
-0.20285565898119773 0.41
-0.2017233019814384 0.411
-0.1975860445759361 0.412
-0.19547632190875897 0.413
-0.19497346079879985 0.414
-0.1926639801232648 0.415
-0.19256837161959633 0.416
-0.19077171215505273 0.417
-0.1845092764273494 0.418
-0.18381545563949553 0.419
-0.1809676849461277 0.42
-0.18019489057130889 0.421
-0.18014909506904386 0.422
-0.1776730081957989 0.423
-0.17579539186124848 0.424
-0.168425756528499 0.425
-0.16807832534511924 0.426
-0.1680553141254153 0.427
-0.16779922165129602 0.428
-0.16249212613144115 0.429
-0.16174154104405813 0.43
-0.15189408620674305 0.431
-0.14986102603693197 0.432
-0.1487874563085021 0.433
-0.14851573781256278 0.434
-0.1484339998072195 0.435
-0.14297979413749742 0.436
-0.1401564172072462 0.437
-0.1390179106245264 0.438
-0.13823221967394572 0.439
-0.13812423840782806 0.44
-0.1361366000918292 0.441
-0.13320391432752787 0.442
-0.13315882626675446 0.443
-0.1303420384228282 0.444
-0.12332944864701112 0.445
-0.12198664979647877 0.446
-0.12082453583046093 0.447
-0.11777138473855864 0.448
-0.11530630237530026 0.449
-0.1111822810915244 0.45
-0.11004822405795534 0.451
-0.10577522231356862 0.452
-0.10333377610954067 0.453
-0.10133672354535583 0.454
-0.10122188602491444 0.455
-0.09676731524250459 0.456
-0.09310403056245442 0.457
-0.09101125218990724 0.458
-0.08678043616118414 0.459
-0.08579234770657096 0.46
-0.08546216113271932 0.461
-0.0853536486009408 0.462
-0.08008644143705068 0.463
-0.07768195720949286 0.464
-0.07676777398602708 0.465
-0.07426749224963869 0.466
-0.07392254994569791 0.467
-0.06973494165142302 0.468
-0.06916523624467652 0.469
-0.06859319819645415 0.47
-0.0676849139437688 0.471
-0.060632453268200104 0.472
-0.0604270097294648 0.473
-0.060261782856025015 0.474
-0.059518403279541054 0.475
-0.058104269907861106 0.476
-0.054272770915710034 0.477
-0.044943948766362984 0.478
-0.03911148663157249 0.479
-0.033965539990765015 0.48
-0.03200296116589696 0.481
-0.031049086844131324 0.482
-0.029382988402841592 0.483
-0.01785904813546879 0.484
-0.014780597911201454 0.485
-0.007824562965153214 0.486
-0.005828381102446212 0.487
-0.0037819823348287235 0.488
-0.0028513355800412477 0.489
-0.002323798870286442 0.49
-9.67004272656169e-07 0.491
0.0 0.493
0.0033169179168051066 0.494
0.004955191009966775 0.495
0.01259177132119138 0.496
0.01321995023125333 0.497
0.018662691707519996 0.498
0.019492376295350812 0.499
0.019729129031253567 0.5
0.026242473897346463 0.501
0.029074631680327645 0.502
0.03196376570398929 0.503
0.03262867237707079 0.504
0.03314146168107235 0.505
0.03422900678065499 0.506
0.034561186617354966 0.507
0.03598485073075619 0.508
0.04172345365353003 0.509
0.045826076018794515 0.51
0.046154528388683946 0.511
0.04667428600642942 0.512
0.04956699574212009 0.513
0.05247136590758378 0.514
0.05440199137717025 0.515
0.056218121205924065 0.516
0.059369103584154814 0.517
0.06165709091903282 0.518
0.06194926852566818 0.519
0.07413607961177293 0.52
0.0778401044303968 0.521
0.07902131046735406 0.522
0.08392101702223564 0.523
0.08598603935830063 0.524
0.0865498350595586 0.525
0.09250163560699426 0.526
0.1024489764594052 0.527
0.10272177507217162 0.528
0.10956506241424924 0.529
0.11142101503990531 0.53
0.11622104796932653 0.531
0.12399266613295246 0.532
0.12756238460554137 0.533
0.13077494101898246 0.534
0.13319193671803808 0.535
0.1361081775007964 0.536
0.14055058112124907 0.537
0.14070296248380643 0.538
0.14554456667936222 0.539
0.14747275862975018 0.54
0.1483765341075918 0.541
0.15023241291523481 0.542
0.15387015785703007 0.543
0.1602240303966352 0.544
0.16054786292437395 0.545
0.160968172462572 0.546
0.16313592120012244 0.547
0.1672989133603977 0.548
0.16785624525164478 0.549
0.17068301515290507 0.55
0.17293313475517358 0.551
0.17399602153153304 0.552
0.17580782845043252 0.553
0.1764196565074243 0.554
0.17700584997522917 0.555
0.17976774762991132 0.556
0.1839712666648149 0.557
0.18579118200981348 0.558
0.1876589325750464 0.559
0.1878318996017727 0.56
0.1931429034317369 0.561
0.19414624428789717 0.562
0.19520970000237647 0.563
0.19646644343538444 0.564
0.1968455922364667 0.565
0.19736205508949523 0.566
0.19774137879328357 0.567
0.2006995372412509 0.568
0.20252975087975655 0.569
0.20307349199285074 0.57
0.20317995225428565 0.571
0.20388526801370865 0.572
0.20483248896401385 0.573
0.20529686711483242 0.574
0.2053740294709605 0.575
0.20661566667877374 0.576
0.20794516274991848 0.577
0.20915401068184547 0.578
0.20971408298952465 0.579
0.21826771856470417 0.58
0.21988168206496175 0.581
0.22061182419033298 0.582
0.22061465396432145 0.583
0.22709418441378615 0.584
0.22802465404691263 0.585
0.2302486810785398 0.586
0.23269721996444592 0.587
0.23327689882119484 0.588
0.2332890678676096 0.589
0.23925842375657158 0.59
0.2399211504169143 0.591
0.2405574947956033 0.592
0.2423477159363987 0.593
0.24411637700868494 0.594
0.24842668748041574 0.595
0.2492364388511834 0.596
0.2501435978237202 0.597
0.251324378715041 0.598
0.2539945852856307 0.599
0.25526051239096414 0.6
0.25562574573469055 0.601
0.2584653756847719 0.602
0.2637354561684786 0.603
0.273986701383802 0.604
0.27494629509925206 0.605
0.2784682568425375 0.606
0.27871185776809904 0.607
0.281768727620862 0.608
0.28201164547872726 0.609
0.2876923485049927 0.61
0.28908570971815273 0.611
0.2909310710100277 0.612
0.29144859837798176 0.613
0.2918191001697664 0.614
0.29189086464785574 0.615
0.2923922640448351 0.616
0.2954991049172533 0.617
0.29963478880206074 0.618
0.3075065692177237 0.619
0.3083243095630479 0.62
0.3121719229065274 0.621
0.3169607529104814 0.622
0.3169772470205139 0.623
0.31919601163376726 0.624
0.32038932667703524 0.625
0.32337027573883237 0.626
0.32465285563968216 0.627
0.3283196979180887 0.628
0.3301013325576232 0.629
0.3314987944191168 0.63
0.3319312066796076 0.631
0.33224894261836146 0.632
0.3326516562620414 0.633
0.3422508809980265 0.634
0.3443340626017293 0.635
0.34822753273134266 0.636
0.34836892084219134 0.637
0.3527038246887615 0.638
0.3631017170014772 0.639
0.36380003700871977 0.64
0.36621600589619696 0.641
0.36783887503089185 0.642
0.3680501085431094 0.643
0.3710211013309124 0.644
0.3713065418384418 0.645
0.37168372595704424 0.646
0.37216279013658604 0.647
0.37316303028502196 0.648
0.3739793720905012 0.649
0.3803064551850073 0.65
0.38274636740044743 0.651
0.3828981011395802 0.652
0.3835254653870024 0.653
0.38560393348318556 0.654
0.39288685183081007 0.655
0.39338831461248913 0.656
0.3934882726574811 0.657
0.3971588565112514 0.658
0.3991542430581334 0.659
0.4008795704448437 0.66
0.4023228180769005 0.661
0.4047917284359941 0.662
0.4050004997791641 0.663
0.4084675339990398 0.664
0.4088244862316983 0.665
0.40941719815260896 0.666
0.42119078690296385 0.667
0.42416941785406076 0.668
0.4251239117999943 0.669
0.4280167281399816 0.67
0.42838579185148973 0.671
0.42873481750073617 0.672
0.43016695986054265 0.673
0.4306237153727197 0.674
0.43250096530025395 0.675
0.43300610851237664 0.676
0.4349500743547534 0.677
0.4378063203272965 0.678
0.4384305339522072 0.679
0.45109050315120935 0.68
0.4523170587079053 0.681
0.4525705009497759 0.682
0.45545109522374005 0.683
0.45718399083004313 0.684
0.457387822239294 0.685
0.4620746735370127 0.686
0.46558879564047295 0.687
0.4692605812183239 0.688
0.46986956796021184 0.689
0.4724949795529104 0.69
0.47420780394486206 0.691
0.4748278491507709 0.692
0.475340047399766 0.693
0.4758630533139384 0.694
0.47760457375422094 0.695
0.4786374374946569 0.696
0.48248848134531475 0.697
0.4836656267293393 0.698
0.4885590206168109 0.699
0.49676719164693006 0.7
0.5000152730904337 0.701
0.5001253559106402 0.702
0.5040615985796872 0.703
0.5074569361255623 0.704
0.5130432134912501 0.705
0.5140326256388441 0.706
0.5156362713684794 0.707
0.5177300872974127 0.708
0.5188846832754891 0.709
0.5225969341987371 0.71
0.5247913765898311 0.711
0.5289260349497533 0.712
0.5292886509158734 0.713
0.5305385257829609 0.714
0.530618328742259 0.715
0.5331346087761943 0.716
0.535128877671923 0.717
0.53553257117311 0.718
0.5355520876027802 0.719
0.5384391013505367 0.72
0.5390567309764789 0.721
0.5428879403015812 0.722
0.544967897146571 0.723
0.5451344224944639 0.724
0.5463015770844367 0.725
0.5533146123089641 0.726
0.5538606045787184 0.727
0.5574815045407135 0.728
0.559354926177384 0.729
0.5632523535265119 0.73
0.5633137445767917 0.731
0.5657135802683291 0.732
0.568416568254511 0.733
0.5689188665484404 0.734
0.5736260276534297 0.735
0.5747583552972555 0.736
0.5750229605465376 0.737
0.5842567609091766 0.738
0.5847840791454879 0.739
0.5861887381824391 0.74
0.5873600788654078 0.741
0.592831411807871 0.742
0.5944714285110959 0.743
0.5959013322640931 0.744
0.5967001103568874 0.745
0.5968415923301111 0.746
0.6008595286001683 0.747
0.6068325763022555 0.748
0.6088639305521184 0.749
0.6220218298305974 0.75
0.6225992946981453 0.751
0.6294928844482368 0.752
0.6308513219207106 0.753
0.6326287816983687 0.754
0.6328012564433929 0.755
0.6405285409411197 0.756
0.642843698009635 0.757
0.6448011189114073 0.758
0.6473936178810598 0.759
0.6486791259763391 0.76
0.6586305487767703 0.761
0.6589782581362877 0.762
0.6598647523030663 0.763
0.66285484393413 0.764
0.6716130851222082 0.765
0.6748164115481252 0.766
0.6760502756807685 0.767
0.6784579640165807 0.768
0.6787931440808443 0.769
0.6796948317469305 0.77
0.6923715311121417 0.771
0.6928759382130567 0.772
0.6959069369770483 0.773
0.6990499420227864 0.774
0.6990861942566124 0.775
0.7003476996701887 0.776
0.702368668115422 0.777
0.704841165552162 0.778
0.7058482028737122 0.779
0.7102523040923465 0.78
0.7184582686577599 0.781
0.7192025190016802 0.782
0.7262564879044455 0.783
0.7338849455935987 0.784
0.7397784619836798 0.785
0.7505897956350253 0.786
0.7560769148123974 0.787
0.7671990432919622 0.788
0.7747535130402463 0.789
0.7750884331661718 0.79
0.7756227311901758 0.791
0.7832521328123874 0.792
0.7849254955610552 0.793
0.7864072271355484 0.794
0.7880441914000254 0.795
0.788076664413643 0.796
0.7894850576377788 0.797
0.7902334528846956 0.798
0.7922285636662774 0.799
0.7931077447737418 0.8
0.7937668926423112 0.801
0.7951694544059154 0.802
0.8039485930847596 0.803
0.8090835245189127 0.804
0.8177121205036119 0.805
0.8188150988019345 0.806
0.8191290166369005 0.807
0.8199620680635742 0.808
0.820322219880183 0.809
0.8219395360876218 0.81
0.8272924662426149 0.811
0.8346023788382966 0.812
0.8468828160432604 0.813
0.8531415703541028 0.814
0.8550487347910147 0.815
0.857375225668907 0.816
0.8646688351011189 0.817
0.865815077997047 0.818
0.8838099639893786 0.819
0.8865069635603264 0.82
0.8895753617908149 0.821
0.8936902048383821 0.822
0.8955839470539436 0.823
0.8981236476203536 0.824
0.9004255359558666 0.825
0.9068004878684484 0.826
0.9093335863685841 0.827
0.9115266804965072 0.828
0.9116149439830867 0.829
0.911649929567659 0.83
0.9226546350451548 0.831
0.924275967618424 0.832
0.9309027242594472 0.833
0.9324030425485381 0.834
0.9326404707490443 0.835
0.9335270500705439 0.836
0.9411302352128197 0.837
0.9483774694101246 0.838
0.9530942705636392 0.839
0.9607094962177232 0.84
0.9639740228768789 0.841
0.9687250448427884 0.842
0.9716824562562563 0.843
0.9725335364102641 0.844
0.9726600225211204 0.845
0.9728786424157883 0.846
0.9872455670746794 0.847
0.9897067900262932 0.848
0.9999108103707488 0.849
1.002148407701993 0.85
1.0075446744000627 0.851
1.014992866761009 0.852
1.0459839072228507 0.853
1.0463895813322228 0.854
1.048222371357605 0.855
1.0522749660835709 0.856
1.0550397627457107 0.857
1.0581220163757863 0.858
1.0711160809408002 0.859
1.077258628609689 0.86
1.0813568259705506 0.861
1.08376662981575 0.862
1.08445016755909 0.863
1.085759840700251 0.864
1.0908678986604696 0.865
1.0919526421959915 0.866
1.1051334180346866 0.867
1.1125832362833654 0.868
1.1131797662912783 0.869
1.1154744026823065 0.87
1.117185583750178 0.871
1.1242564500736316 0.872
1.1296962320793171 0.873
1.1299181067232125 0.874
1.1410920511138989 0.875
1.1653962712372217 0.876
1.1655272113020674 0.877
1.1830792642130492 0.878
1.1844028875446513 0.879
1.1865140261792666 0.88
1.1873354469036839 0.881
1.1899735714855653 0.882
1.1904588033154262 0.883
1.1977511285725362 0.884
1.2065023660233096 0.885
1.2104903316222457 0.886
1.2143525353258429 0.887
1.2216755302005096 0.888
1.2218119005184724 0.889
1.2238098502772976 0.89
1.2323116272174628 0.891
1.2358735254791409 0.892
1.2417087350993326 0.893
1.2615612578449455 0.894
1.2706918371006335 0.895
1.271101575212862 0.896
1.2782264633857923 0.897
1.2825767016378724 0.898
1.297218094264685 0.899
1.3109889467994154 0.9
1.3177530637961137 0.901
1.3238821678137043 0.902
1.3369104310009683 0.903
1.339577445816853 0.904
1.351733193992739 0.905
1.3580459894131085 0.906
1.367640332616613 0.907
1.3737339830874304 0.908
1.3813703371642077 0.909
1.3839030341210907 0.91
1.3840832397658536 0.911
1.3909612509540543 0.912
1.3985057232872133 0.913
1.402256288608636 0.914
1.4157433027856254 0.915
1.4201372896518907 0.916
1.421272364067472 0.917
1.422014410469587 0.918
1.4233755055826836 0.919
1.4258028419526343 0.92
1.4269689070242453 0.921
1.4284472174040643 0.922
1.4303360285650426 0.923
1.4322982677754497 0.924
1.4349965191680694 0.925
1.4391490936411646 0.926
1.441058909878917 0.927
1.4417456924152638 0.928
1.451582517063545 0.929
1.4517513809667433 0.93
1.4519058081197231 0.931
1.453424045797266 0.932
1.4560114278770353 0.933
1.4774368269482379 0.934
1.47849282961046 0.935
1.4788212970440342 0.936
1.4878388165883552 0.937
1.4953627033235515 0.938
1.4993983648224312 0.939
1.5092483116271063 0.94
1.5266872266712013 0.941
1.5358224234415794 0.942
1.5408710496022526 0.943
1.5436791234554352 0.944
1.5544057149069261 0.945
1.5690628823271808 0.946
1.5828800922495523 0.947
1.5871939257191094 0.948
1.5890795555022321 0.949
1.5957592641241596 0.95
1.5990603551501867 0.951
1.6000795081530756 0.952
1.600249244746672 0.953
1.6085736918896332 0.954
1.6209532645120064 0.955
1.6250555980963022 0.956
1.6336005680934336 0.957
1.637008935128732 0.958
1.644310185670923 0.959
1.6496200734624804 0.96
1.663209425912447 0.961
1.6640787775082688 0.962
1.6708182514060432 0.963
1.7046234072492195 0.964
1.7155685648301284 0.965
1.740260705492365 0.966
1.7457700197382253 0.967
1.7791236248366706 0.968
1.7837743906124315 0.969
1.790543199562972 0.97
1.8065228584892903 0.971
1.8207167170541934 0.972
1.82662436517011 0.973
1.8504380296178384 0.974
1.8551941408417876 0.975
1.8755331702170899 0.976
1.8856165734257235 0.977
1.8924323999989365 0.978
1.9740218369268132 0.979
1.9998793691844128 0.98
2.016459622303432 0.981
2.0376402617974607 0.982
2.056294221802266 0.983
2.073958065981828 0.984
2.0880926097258534 0.985
2.1443920199930355 0.986
2.183678696468365 0.987
2.221445480907528 0.988
2.228355066449233 0.989
2.243522905143873 0.99
2.2460137905525537 0.991
2.3043914886507224 0.992
2.3166228408362484 0.993
2.320552454214737 0.994
2.356239116107349 0.995
2.42714000734125 0.996
2.4764434122619603 0.997
2.5069812735317636 0.998
2.5248732453764537 0.999
2.6145521601016752 1.0
